C=5;
R=10;
